# Qz (1/angstrom)  R  sR
8.000000000000000167e-03 9.075912642881344139e-01 2.704673059762681755e-02
9.333333333333334106e-03 8.757161125297344695e-01 2.518846900075938366e-02
1.066666666666666631e-02 6.977199840304085798e-01 2.087428696703839612e-02
1.200000000000000025e-02 6.872509831174377082e-01 2.026445554463356807e-02
1.333333333333333245e-02 6.631355988679124014e-01 1.992801525696327389e-02
1.466666666666666639e-02 6.501014136246322517e-01 1.960325872581101386e-02
1.600000000000000033e-02 6.261877501539732105e-01 1.923544318530388472e-02
1.733333333333333254e-02 6.343907439684939309e-01 1.878917213001779843e-02
1.866666666666666474e-02 5.922151008251805848e-01 1.823221530598403625e-02
2.000000000000000042e-02 5.960631236889448736e-01 1.753182597463828069e-02
2.133333333333333262e-02 5.732409575569683557e-01 1.665496617619377159e-02
2.266666666666666829e-02 5.247578820550162781e-01 1.557151300442079396e-02
2.400000000000000050e-02 4.712753742667411538e-01 1.426072465920071378e-02
2.533333333333333270e-02 4.298037665936796370e-01 1.272086791267182382e-02
2.666666666666666491e-02 3.626175654261608594e-01 1.098020577277717021e-02
2.800000000000000058e-02 3.120130601042385710e-01 9.104851279847682097e-03
2.933333333333333279e-02 2.267220914996334880e-01 7.197086378452600963e-03
3.066666666666666499e-02 1.775178148014185664e-01 5.379698437054512838e-03
3.200000000000000067e-02 1.181310173097377125e-01 3.769033640753254900e-03
3.333333333333333287e-02 7.792836377261480596e-02 2.447631659821120943e-03
3.466666666666666508e-02 5.027360606248993530e-02 1.448924192475278426e-03
3.600000000000000422e-02 2.598520932519453666e-02 7.591683953662536856e-04
3.733333333333332948e-02 1.082782187122047213e-02 3.320006942449972034e-04
3.866666666666666863e-02 3.390612178886910372e-03 1.065197543374674642e-04
4.000000000000000083e-02 6.634734704890265719e-04 2.184720411327092837e-05
4.133333333333333304e-02 8.402822722116700099e-04 2.562630155983095458e-05
4.266666666666666524e-02 2.761189837369125693e-03 7.722798210359995330e-05
4.399999999999999745e-02 4.984147983628604318e-03 1.475987877702071994e-04
4.533333333333332965e-02 7.130190399400800419e-03 2.175578930081850085e-04
4.666666666666666879e-02 9.315547059324427726e-03 2.756208378691675140e-04
4.800000000000000100e-02 1.003920070040243209e-02 3.159726242251264801e-04
4.933333333333333320e-02 1.112594162420929046e-02 3.367822456192096385e-04
5.066666666666666541e-02 1.132996142293247153e-02 3.388874925461203276e-04
5.199999999999999761e-02 1.079869901323585180e-02 3.247999349804731625e-04
5.333333333333332982e-02 1.016770659568656983e-02 2.979622858794108331e-04
5.466666666666666202e-02 8.830283975467438998e-03 2.621975650898551008e-04
5.600000000000000117e-02 7.524710540696799392e-03 2.213042152714181170e-04
5.733333333333333337e-02 5.835794375082871931e-03 1.787655487150832450e-04
5.866666666666666557e-02 4.708583433713307148e-03 1.375525977593421471e-04
5.999999999999999778e-02 3.496438325611750386e-03 1.000060435868242991e-04
6.133333333333332998e-02 2.193770931717122993e-03 6.778600474993069151e-05
6.266666666666666219e-02 1.358795672471345200e-03 4.187914831486427934e-05
6.400000000000000133e-02 7.853249876843387258e-04 2.265200387178431808e-05
6.533333333333332660e-02 3.293824670891950385e-04 9.938524318625599184e-06
6.666666666666666574e-02 1.094068554305717308e-04 3.149562947669204988e-06
6.800000000000000488e-02 4.579681042216983595e-05 1.392389778723863959e-06
6.933333333333333015e-02 1.248796610637395508e-04 3.589694748014370890e-06
7.066666666666665542e-02 2.874470694658368109e-04 8.589530042765663588e-06
7.200000000000000844e-02 5.126077964958570014e-04 1.526001661087636688e-05
7.333333333333333370e-02 7.874764261774640402e-04 2.256505436841721351e-05
7.466666666666665897e-02 9.766001106681053163e-04 2.961946677919368234e-05
7.599999999999998423e-02 1.157173229345322303e-03 3.572381091442601147e-05
7.733333333333333726e-02 1.327900995494995596e-03 4.038042628291313278e-05
7.866666666666666252e-02 1.462689364936814581e-03 4.329319153718547912e-05
7.999999999999998779e-02 1.409018005772228778e-03 4.435396905627936038e-05
8.133333333333334081e-02 1.481769978748375717e-03 4.361892548833955793e-05
8.266666666666666607e-02 1.353690733781721641e-03 4.127790251118508715e-05
8.399999999999999134e-02 1.297175308564354644e-03 3.761984328443019373e-05
8.533333333333334436e-02 1.020887830362373315e-03 3.299671678670470522e-05
8.666666666666666963e-02 9.044813985473879655e-04 2.779020672111869435e-05
8.799999999999999489e-02 7.081969582030287706e-04 2.237810772498295098e-05
8.933333333333332016e-02 5.561639284949144524e-04 1.710899656797894980e-05
9.066666666666667318e-02 4.124016110169756878e-04 1.228080225182807722e-05
9.199999999999999845e-02 2.694131913742567504e-04 8.126088081576757726e-06
9.333333333333332371e-02 1.589095847446595053e-04 4.803802818737303555e-06
9.466666666666667673e-02 7.952535288150432656e-05 2.397208566565326355e-06
9.600000000000000200e-02 3.076423342320826502e-05 9.173297799956004235e-07
9.733333333333332726e-02 1.005251023256088463e-05 3.109844786323962683e-07
9.866666666666665253e-02 1.607610631621909667e-05 4.722685047958857686e-07
1.000000000000000056e-01 4.270820470822345427e-05 1.256271490261844000e-06
1.013333333333333308e-01 8.408706070466543899e-05 2.493805529005849394e-06
1.026666666666666561e-01 1.357632565588043198e-04 4.006013285794612694e-06
1.040000000000000091e-01 1.889277283032915380e-04 5.617874673711491538e-06
1.053333333333333344e-01 2.535854776939441531e-04 7.169830416826538728e-06
1.066666666666666596e-01 2.834895567475302354e-04 8.526966173941271989e-06
1.079999999999999849e-01 3.165709134255915796e-04 9.585433172802807031e-06
1.093333333333333379e-01 3.347902142037292557e-04 1.027600399898480948e-05
1.106666666666666632e-01 3.412563648594390620e-04 1.056486233606250258e-05
1.119999999999999885e-01 3.353893732424267221e-04 1.045189380634267694e-05
1.133333333333333415e-01 3.233706619271815397e-04 9.966875831629191658e-06
1.146666666666666667e-01 3.048207765620222862e-04 9.164054863718112327e-06
1.159999999999999920e-01 2.732346614974670118e-04 8.115649185306674919e-06
1.173333333333333173e-01 2.305140128431734333e-04 6.904826573947082877e-06
1.186666666666666703e-01 1.829880995447076856e-04 5.618681964024802284e-06
1.199999999999999956e-01 1.486311764967542036e-04 4.341685740344124731e-06
1.213333333333333208e-01 1.073289623471351128e-04 3.149994494995711424e-06
1.226666666666666738e-01 6.989429649780126480e-05 2.106919880718955435e-06
1.239999999999999991e-01 4.116899314943323328e-05 1.259745030541038548e-06
1.253333333333333244e-01 2.161552831842888031e-05 6.379694419153882662e-07
1.266666666666666496e-01 8.479532071820358884e-06 2.529594711760443070e-07
1.280000000000000027e-01 3.160320019205485887e-06 9.911555885444282819e-08
1.293333333333333279e-01 5.156191795148754930e-06 1.550018658500189904e-07
1.306666666666666532e-01 1.302114699187069443e-05 3.875875551631081219e-07
1.320000000000000062e-01 2.448191181775688001e-05 7.548308766651755472e-07
1.333333333333333315e-01 4.055071110271158921e-05 1.209632113147993333e-06
1.346666666666666567e-01 5.430723368147500208e-05 1.703568712487504400e-06
1.360000000000000098e-01 7.593907561589344907e-05 2.190370009653334060e-06
1.373333333333333350e-01 9.091137562687272972e-05 2.628918504551843803e-06
1.386666666666666603e-01 9.876665112112765978e-05 2.985617136047146022e-06
1.400000000000000133e-01 1.090434830349768235e-04 3.236020124501763433e-06
1.413333333333333386e-01 1.040784406922520204e-04 3.365684317789212350e-06
1.426666666666666639e-01 1.084446320665948850e-04 3.370254540572536249e-06
1.439999999999999891e-01 1.075386877360002690e-04 3.254846793366482747e-06
1.453333333333333421e-01 9.784288464121572589e-05 3.032834603029489718e-06
1.466666666666666674e-01 9.275195865909300664e-05 2.724174538521047095e-06
1.479999999999999927e-01 8.314801822003993546e-05 2.353425867014385280e-06
1.493333333333333457e-01 6.262927242161476637e-05 1.947626347500982468e-06
1.506666666666666710e-01 4.985457261801826958e-05 1.534181812229199650e-06
1.519999999999999962e-01 3.823191202299757656e-05 1.138912706537873486e-06
1.533333333333333492e-01 2.740965478464539993e-05 7.843779252809585293e-07
1.546666666666666745e-01 1.568836390366752764e-05 4.885672798968271187e-07
1.559999999999999998e-01 8.866456616526149662e-06 2.640211742127980506e-07
1.573333333333333250e-01 4.127225828926081602e-06 1.174020483931366809e-07
1.586666666666666781e-01 1.568531262286780794e-06 4.950925901345495624e-08
1.600000000000000033e-01 1.785293006053637639e-06 5.569943511660690089e-08
1.613333333333333286e-01 4.168008252489919221e-06 1.266497375405589417e-07
1.626666666666666816e-01 8.182944871264921272e-06 2.493831250965557545e-07
1.640000000000000069e-01 1.394736579666988838e-05 4.084634364659220295e-07
1.653333333333333321e-01 1.971738563115660661e-05 5.872640271270070076e-07
1.666666666666666574e-01 2.427522111972123093e-05 7.692165387495262632e-07
1.680000000000000104e-01 3.178245932529219920e-05 9.389553589627007831e-07
1.693333333333333357e-01 3.548210427269819290e-05 1.083231375481271260e-06
1.706666666666666610e-01 4.124756671870089794e-05 1.191858190928503467e-06
1.720000000000000140e-01 4.114124414311627793e-05 1.257920990354555467e-06
1.733333333333333393e-01 4.179113020179383182e-05 1.278144495652170089e-06
1.746666666666666645e-01 4.243796202477311701e-05 1.252800954782821035e-06
1.759999999999999898e-01 4.041810378176311592e-05 1.185411655127856387e-06
1.773333333333333428e-01 3.655984369932937427e-05 1.082246689385805984e-06
1.786666666666666681e-01 3.011829789651725348e-05 9.516730637963951386e-07
1.799999999999999933e-01 2.721251947756813565e-05 8.034077531126447617e-07
1.813333333333333464e-01 2.092119218494401328e-05 6.477344750345810442e-07
1.826666666666666716e-01 1.660776611688476398e-05 4.947409616157709699e-07
1.839999999999999969e-01 1.128412102902365682e-05 3.536277928505755650e-07
1.853333333333333222e-01 7.841308266496928731e-06 2.321310905890118204e-07
1.866666666666666752e-01 4.426575290143259573e-06 1.360903689794665034e-07
1.880000000000000004e-01 2.217283777652154650e-06 6.918051302336152221e-08
1.893333333333333257e-01 1.117228285514961176e-06 3.281414660715856888e-08
1.906666666666666787e-01 8.799482043854008228e-07 2.620845226422373283e-08
1.920000000000000040e-01 1.524709408323732203e-06 4.659961472149735373e-08
1.933333333333333293e-01 3.115966333801529127e-06 8.957912985717266193e-08
1.946666666666666545e-01 4.918104415699437457e-06 1.495197192619391863e-07
1.960000000000000075e-01 7.342224987678191212e-06 2.200547862104041078e-07
1.973333333333333328e-01 9.898358472380025657e-06 2.945743044174480836e-07
1.986666666666666581e-01 1.199615466869351067e-05 3.667016150254416437e-07
2.000000000000000111e-01 1.456024485260493697e-05 4.307195176666933625e-07
2.013333333333333364e-01 1.580691336393115994e-05 4.819198389956592358e-07
2.026666666666666616e-01 1.701583522311326881e-05 5.168578111597016410e-07
2.039999999999999869e-01 1.851032070732363719e-05 5.335005051206870393e-07
2.053333333333333399e-01 1.715605943587205967e-05 5.312666428372068491e-07
2.066666666666666652e-01 1.579925214859981974e-05 5.109627938210401376e-07
2.079999999999999905e-01 1.658552037802851100e-05 4.746277493330595449e-07
2.093333333333333435e-01 1.526098059118070652e-05 4.253023617610078228e-07
2.106666666666666687e-01 1.207623756549564588e-05 3.667460540832117272e-07
2.119999999999999940e-01 9.516911054610977533e-06 3.031201720409783612e-07
2.133333333333333470e-01 7.883129891417216319e-06 2.387174348937093517e-07
2.146666666666666723e-01 5.874845517182401667e-06 1.777718369021740767e-07
2.159999999999999976e-01 4.134533427932239587e-06 1.247467744346401067e-07
2.173333333333333228e-01 2.702962831977833632e-06 8.389098142566779552e-08
2.186666666666666758e-01 1.919475662810552952e-06 5.660017207259385942e-08
2.200000000000000011e-01 1.362130841063948462e-06 4.023088338049808278e-08
