# Qz (1/angstrom)  R  sR
8.000000000000000167e-03 9.559206354062578515e-02 2.953269400266322810e-03
9.333333333333334106e-03 1.547218526161534269e-01 4.744889095853945839e-03
1.066666666666666631e-02 2.251218154200637367e-01 6.348290158922438933e-03
1.200000000000000025e-02 1.733877413610561136e-01 5.333047055155121403e-03
1.333333333333333245e-02 1.653470206046200042e-01 4.838694817206520490e-03
1.466666666666666639e-02 1.465280571957182643e-01 4.518230715159088882e-03
1.600000000000000033e-02 1.461178326438707653e-01 4.264358150216949334e-03
1.733333333333333254e-02 1.361205456154175597e-01 4.036995014532264968e-03
1.866666666666666474e-02 1.265777394925009791e-01 3.815260616836197143e-03
2.000000000000000042e-02 1.193781936588917819e-01 3.585730713023881338e-03
2.133333333333333262e-02 1.090994410028168771e-01 3.338564763918749900e-03
2.266666666666666829e-02 1.035813041095600406e-01 3.066403995854868284e-03
2.400000000000000050e-02 9.089824053785679203e-02 2.764683779577925635e-03
2.533333333333333270e-02 7.811270518917826089e-02 2.432831941156086541e-03
2.666666666666666491e-02 6.654117375774777632e-02 2.075818194789778599e-03
2.800000000000000058e-02 5.713369423648240186e-02 1.705182012707161677e-03
2.933333333333333279e-02 4.672782443053131313e-02 1.338429655907042142e-03
3.066666666666666499e-02 3.336288338280176541e-02 9.961054459564173610e-04
3.200000000000000067e-02 2.315392308301371729e-02 6.970987714316887645e-04
3.333333333333333287e-02 1.526617871939014472e-02 4.540916239051049339e-04
3.466666666666666508e-02 9.394767424312444604e-03 2.712167368097654491e-04
3.600000000000000422e-02 4.854143272757511021e-03 1.446721420904412874e-04
3.733333333333332948e-02 2.152754540292944711e-03 6.538873658233317738e-05
3.866666666666666863e-02 7.634065616031009398e-04 2.216651973245304942e-05
4.000000000000000083e-02 1.388521528749857737e-04 4.112664642903227534e-06
4.133333333333333304e-02 6.990531242714679162e-05 2.004793178707042841e-06
4.266666666666666524e-02 2.933666531073274254e-04 8.752884696178646077e-06
4.399999999999999745e-02 6.199779834909185505e-04 1.930862386371532180e-05
4.533333333333332965e-02 9.696402254148140049e-04 3.033427008241414060e-05
4.666666666666666879e-02 1.392694326233942948e-03 3.980916777581890430e-05
4.800000000000000100e-02 1.636276770833382027e-03 4.667475297322231428e-05
4.933333333333333320e-02 1.675768959477367138e-03 5.054528427436338548e-05
5.066666666666666541e-02 1.696458452372038997e-03 5.148561259012481858e-05
5.199999999999999761e-02 1.734351324604243086e-03 4.984516191675345741e-05
5.333333333333332982e-02 1.486767745672122306e-03 4.613524715474371079e-05
5.466666666666666202e-02 1.327994376379723054e-03 4.093870012507678293e-05
5.600000000000000117e-02 1.183870779060362073e-03 3.484364780409832590e-05
5.733333333333333337e-02 9.353253204596205170e-04 2.839591481744607821e-05
5.866666666666666557e-02 7.354355817901460021e-04 2.206645809742515158e-05
5.999999999999999778e-02 5.383948836689723960e-04 1.623143388812569909e-05
6.133333333333332998e-02 3.758707654323206531e-04 1.116307189423245105e-05
6.266666666666666219e-02 2.442168725740734964e-04 7.029681693010561005e-06
6.400000000000000133e-02 1.304549962240428025e-04 3.903043182621345985e-06
6.533333333333332660e-02 6.018417429911210201e-05 1.771306833428140000e-06
6.666666666666666574e-02 1.737687996777799413e-05 5.554707159785055730e-07
6.800000000000000488e-02 4.246151878334042932e-06 1.275710080193207426e-07
6.933333333333333015e-02 1.068694294569129868e-05 3.289291796014143113e-07
7.066666666666665542e-02 3.170063969161577715e-05 9.871123536089979105e-07
7.200000000000000844e-02 6.265907628402426100e-05 1.930634013376314526e-06
7.333333333333333370e-02 9.902398487688450469e-05 3.000798661515614621e-06
7.466666666666665897e-02 1.390667804814529310e-04 4.060434544764975005e-06
7.599999999999998423e-02 1.600198892746388583e-04 4.999537169031307814e-06
7.733333333333333726e-02 1.914441976505883657e-04 5.738052975700704140e-06
7.866666666666666252e-02 2.045244694928812943e-04 6.226169716693544266e-06
7.999999999999998779e-02 2.126408782791344753e-04 6.442557935201040233e-06
8.133333333333334081e-02 2.194433243387519748e-04 6.391039775753465728e-06
8.266666666666666607e-02 2.064857691278901329e-04 6.096159940720307629e-06
8.399999999999999134e-02 1.940905476443417473e-04 5.598109401755303021e-06
8.533333333333334436e-02 1.641477730085187799e-04 4.947365070275969244e-06
8.666666666666666963e-02 1.370677240676891823e-04 4.199714530999940796e-06
8.799999999999999489e-02 1.129414682318471226e-04 3.411152544137297965e-06
8.933333333333332016e-02 8.843929941758425740e-05 2.634016764123887818e-06
9.066666666666667318e-02 6.412665746891291934e-05 1.913662668736399103e-06
9.199999999999999845e-02 4.147629179578066075e-05 1.286128630253563915e-06
9.333333333333332371e-02 2.596232947739787901e-05 7.767612157382616766e-07
9.466666666666667673e-02 1.341676511753195322e-05 3.997658169802778493e-07
9.600000000000000200e-02 5.685655807735410875e-06 1.585921273381317201e-07
9.733333333333332726e-02 1.655584386986792729e-06 4.702005169047989737e-08
9.866666666666665253e-02 1.649387598957539986e-06 5.078149721359380304e-08
1.000000000000000056e-01 4.941626584690286240e-06 1.495380398780978620e-07
1.013333333333333308e-01 1.016755565950663672e-05 3.190332704228036644e-07
1.026666666666666561e-01 1.746000858802738620e-05 5.332500947762522907e-07
1.040000000000000091e-01 2.578938495532255237e-05 7.664249224476520064e-07
1.053333333333333344e-01 3.435956766836428144e-05 9.947995508378539123e-07
1.066666666666666596e-01 3.906069149004365998e-05 1.198024554907398794e-06
1.079999999999999849e-01 4.444899573477161902e-05 1.360162230472496274e-06
1.093333333333333379e-01 4.585190983361416169e-05 1.470270143505472138e-06
1.106666666666666632e-01 5.050486761681483483e-05 1.522576166114266420e-06
1.119999999999999885e-01 4.893178590785611683e-05 1.516281145477262508e-06
1.133333333333333415e-01 4.773114780652696064e-05 1.455045182847769273e-06
1.146666666666666667e-01 4.369379483838258795e-05 1.346227467082781299e-06
1.159999999999999920e-01 3.988547717775933039e-05 1.199957647518278861e-06
1.173333333333333173e-01 3.246348183446290359e-05 1.028119077817123801e-06
1.186666666666666703e-01 2.687352247034604499e-05 8.433213933226984112e-07
1.199999999999999956e-01 2.333198357392108141e-05 6.579324820953014434e-07
1.213333333333333208e-01 1.548550790498974200e-05 4.832288283145338830e-07
1.226666666666666738e-01 1.059645740899342626e-05 3.287094353144484335e-07
1.239999999999999991e-01 7.090432641232453841e-06 2.016031524920286319e-07
1.253333333333333244e-01 3.862409946375891984e-06 1.065833450927718027e-07
1.266666666666666496e-01 1.469423884753160196e-06 4.568853130034043198e-08
1.280000000000000027e-01 6.087710229395623162e-07 1.846714590461365715e-08
1.293333333333333279e-01 7.448799100754689694e-07 2.211974366523678340e-08
1.306666666666666532e-01 1.826772739081254099e-06 5.210116722106263709e-08
1.320000000000000062e-01 3.315054684218319539e-06 1.024858058137203220e-07
1.333333333333333315e-01 5.510417021493823192e-06 1.665379527543908528e-07
1.346666666666666567e-01 8.092951550599856943e-06 2.372557130903813883e-07
1.360000000000000098e-01 1.039657876854264040e-05 3.078816679312777193e-07
1.373333333333333350e-01 1.227155477246007717e-05 3.723484773852547281e-07
1.386666666666666603e-01 1.413087682725235949e-05 4.256350973333876091e-07
1.400000000000000133e-01 1.482927979940897518e-05 4.640176725731831399e-07
1.413333333333333386e-01 1.605802964228135723e-05 4.852078020329175624e-07
1.426666666666666639e-01 1.614920717614244647e-05 4.883791582282668553e-07
1.439999999999999891e-01 1.591309885259072651e-05 4.740908767816653833e-07
1.453333333333333421e-01 1.455744390598313682e-05 4.441223134538681608e-07
1.466666666666666674e-01 1.356381319299208061e-05 4.012384147119141214e-07
1.479999999999999927e-01 1.198360802068795317e-05 3.489079040197438474e-07
1.493333333333333457e-01 9.745153220819537010e-06 2.909977092754138739e-07
1.506666666666666710e-01 7.796973777661658211e-06 2.314666173503456162e-07
1.519999999999999962e-01 5.811893499401644837e-06 1.740792077582153121e-07
1.533333333333333492e-01 4.071941595569973699e-06 1.221579385885168385e-07
1.546666666666666745e-01 2.556343939745368904e-06 7.838714440552985338e-08
1.559999999999999998e-01 1.503407203321582893e-06 4.467800612282114720e-08
1.573333333333333250e-01 7.344710467753042064e-07 2.209862841490180983e-08
1.586666666666666781e-01 3.850350951639976028e-07 1.086856102959512961e-08
1.600000000000000033e-01 3.634743364778997648e-07 1.041274193708913005e-08
1.613333333333333286e-01 6.563837631172683734e-07 1.946618409280883705e-08
1.626666666666666816e-01 1.179629173274889455e-06 3.621796661461978179e-08
1.640000000000000069e-01 1.884322723145190400e-06 5.848134113771273303e-08
1.653333333333333321e-01 2.895777093918394305e-06 8.387606143231335982e-08
1.666666666666666574e-01 3.695883207410113677e-06 1.100093500775489120e-07
1.680000000000000104e-01 4.552752173050893864e-06 1.346431249439112783e-07
1.693333333333333357e-01 4.922451901935751810e-06 1.558292846488293385e-07
1.706666666666666610e-01 5.894527448035536099e-06 1.720488808566031183e-07
1.720000000000000140e-01 6.157767985265139900e-06 1.822485165816314762e-07
1.733333333333333393e-01 5.990126113411925469e-06 1.858965400689284567e-07
1.746666666666666645e-01 6.012867268531592707e-06 1.829743260720296958e-07
1.759999999999999898e-01 5.843769408504052207e-06 1.739369770554231395e-07
1.773333333333333428e-01 5.329851047718660423e-06 1.596442507501745216e-07
1.786666666666666681e-01 4.667685170899017475e-06 1.412687952699019301e-07
1.799999999999999933e-01 3.993887724572344332e-06 1.201897786982717883e-07
1.813333333333333464e-01 3.238015637652685508e-06 9.788037836311563450e-08
1.826666666666666716e-01 2.538142772321931427e-06 7.579736806318370658e-08
1.839999999999999969e-01 1.924020142961066166e-06 5.528027007827952529e-08
1.853333333333333222e-01 1.152713951720483779e-06 3.746631560777311627e-08
1.866666666666666752e-01 7.686955653751071116e-07 2.322589876926246126e-08
1.880000000000000004e-01 4.396976389188759605e-07 1.312144622023899743e-08
1.893333333333333257e-01 2.485473702509119916e-07 7.390792205372861249e-09
1.906666666666666787e-01 1.962647411445939018e-07 5.954377832495861077e-09
1.920000000000000040e-01 2.666329261163428065e-07 8.444000575771889354e-09
1.933333333333333293e-01 4.796578346343829695e-07 1.424952167638328705e-08
1.946666666666666545e-01 7.916339700247115016e-07 2.257896566540885249e-08
1.960000000000000075e-01 1.034336944868405880e-06 3.252685916284300600e-08
1.973333333333333328e-01 1.475452503850628252e-06 4.314546721810594161e-08
1.986666666666666581e-01 1.766211982801583463e-06 5.351377826236124305e-08
2.000000000000000111e-01 2.089469578857149948e-06 6.279962173735476181e-08
2.013333333333333364e-01 2.269673329716914896e-06 7.031111390500284955e-08
2.026666666666666616e-01 2.492558341063638476e-06 7.553464103958034328e-08
2.039999999999999869e-01 2.706865884171947466e-06 7.815772084942968741e-08
2.053333333333333399e-01 2.648033083936830869e-06 7.807624648935255560e-08
2.066666666666666652e-01 2.643484343093922649e-06 7.538673102154163830e-08
2.079999999999999905e-01 2.428354149668647728e-06 7.036516117011372644e-08
2.093333333333333435e-01 2.142349369207815779e-06 6.343487876882734094e-08
2.106666666666666687e-01 1.933686797324920648e-06 5.512649403226417192e-08
2.119999999999999940e-01 1.554627038754858763e-06 4.603257164174999102e-08
2.133333333333333470e-01 1.256091035750277766e-06 3.676939240707620845e-08
2.146666666666666723e-01 9.233558669538192546e-07 2.794934492486571105e-08
2.159999999999999976e-01 6.755529096878243186e-07 2.022620820483286770e-08
2.173333333333333228e-01 4.645958262495849456e-07 1.423572479592631334e-08
2.186666666666666758e-01 3.503492403170606910e-07 1.020744354514503706e-08
2.200000000000000011e-01 2.500273052907539463e-07 7.775682608413152450e-09
