# Qz (1/angstrom)  R  sR
8.000000000000000167e-03 9.097992872869360426e-01 2.704673059568740018e-02
9.333333333333334106e-03 8.063090430971723288e-01 2.496826939277983076e-02
1.066666666666666631e-02 3.993410666786681995e-01 1.171645321068302131e-02
1.200000000000000025e-02 2.208085349552587062e-01 6.442469270198266686e-03
1.333333333333333245e-02 1.378701987041681676e-01 4.393247367307369713e-03
1.466666666666666639e-02 1.054462848413706411e-01 3.291991459709087391e-03
1.600000000000000033e-02 8.744568904510718887e-02 2.613347927772132363e-03
1.733333333333333254e-02 7.146167917255358271e-02 2.164384492054474089e-03
1.866666666666666474e-02 6.167976374855279470e-02 1.851326045070834578e-03
2.000000000000000042e-02 5.265218748124480402e-02 1.621050441499697877e-03
2.133333333333333262e-02 4.927121530985689724e-02 1.440142702025466563e-03
2.266666666666666829e-02 4.386922365138993390e-02 1.286067912029972274e-03
2.400000000000000050e-02 3.818426600138049437e-02 1.143263265913084135e-03
2.533333333333333270e-02 3.451548358949688838e-02 1.001593387513934411e-03
2.666666666666666491e-02 2.893314831493903547e-02 8.559889643176760762e-04
2.800000000000000058e-02 2.294049681346108441e-02 7.064256926010059525e-04
2.933333333333333279e-02 1.878720553741572083e-02 5.574493693613232197e-04
3.066666666666666499e-02 1.348984789683120925e-02 4.166819078504779708e-04
3.200000000000000067e-02 1.000274871208850849e-02 2.923772937100064802e-04
3.333333333333333287e-02 6.352269739014006905e-03 1.908539488883274199e-04
3.466666666666666508e-02 3.807788233433779135e-03 1.148707051044449136e-04
3.600000000000000422e-02 2.072462443473301660e-03 6.347044024293114052e-05
3.733333333333332948e-02 1.139804540655666408e-03 3.298439271106011055e-05
3.866666666666666863e-02 6.122598816790504953e-04 1.845334402119248518e-05
4.000000000000000083e-02 4.883437676771125490e-04 1.484101765341856499e-05
4.133333333333333304e-02 5.863780344992955938e-04 1.777916019914761169e-05
4.266666666666666524e-02 8.085021003458838429e-04 2.387381547227360713e-05
4.399999999999999745e-02 1.035202554519308550e-03 3.071929115713385912e-05
4.533333333333332965e-02 1.240744044437433122e-03 3.676707224072342880e-05
4.666666666666666879e-02 1.389209491691400242e-03 4.114450721474634341e-05
4.800000000000000100e-02 1.542409592178596968e-03 4.347879975014890382e-05
4.933333333333333320e-02 1.440437539146308685e-03 4.374650324943592949e-05
5.066666666666666541e-02 1.383520769361035446e-03 4.215340635820877485e-05
5.199999999999999761e-02 1.269632015624745126e-03 3.904210241469862578e-05
5.333333333333332982e-02 1.182193676818206300e-03 3.482231541233326162e-05
5.466666666666666202e-02 1.031084451500815938e-03 2.991919527059426961e-05
5.600000000000000117e-02 8.217067419050427812e-04 2.473575956461779602e-05
5.733333333333333337e-02 6.377339302697241285e-04 1.962670295639886505e-05
5.866666666666666557e-02 4.837841769535204824e-04 1.488161363565887598e-05
5.999999999999999778e-02 3.641768060699149896e-04 1.071614871017455281e-05
6.133333333333332998e-02 2.477354188367224784e-04 7.269959728324917905e-06
6.266666666666666219e-02 1.561776233511654095e-04 4.610207090761423770e-06
6.400000000000000133e-02 8.949197401578911281e-05 2.739453201419914626e-06
6.533333333333332660e-02 5.392847547534247797e-05 1.606664106320856537e-06
6.666666666666666574e-02 3.746532653419778743e-05 1.120039016259490813e-06
6.800000000000000488e-02 3.893568137509112090e-05 1.160457079345345069e-06
6.933333333333333015e-02 5.453891258501781982e-05 1.594483025713826729e-06
7.066666666666665542e-02 7.671411705147658197e-05 2.286088733596215601e-06
7.200000000000000844e-02 1.056589203629337842e-04 3.106496336003633004e-06
7.333333333333333370e-02 1.316596805769652617e-04 3.941798924206651489e-06
7.466666666666665897e-02 1.579664076472516462e-04 4.698241645434700220e-06
7.599999999999998423e-02 1.801902185616797894e-04 5.305232630010590067e-06
7.733333333333333726e-02 1.822135625501344306e-04 5.716292754145070896e-06
7.866666666666666252e-02 1.950528509916157188e-04 5.908246419330654096e-06
7.999999999999998779e-02 1.932016051436307032e-04 5.879007890693535743e-06
8.133333333333334081e-02 1.845385281838792435e-04 5.644337103825948520e-06
8.266666666666666607e-02 1.730243643665857608e-04 5.233933216032450874e-06
8.399999999999999134e-02 1.632474535192117589e-04 4.687210468655069082e-06
8.533333333333334436e-02 1.314622827741316344e-04 4.049042081922340294e-06
8.666666666666666963e-02 1.154554884671698140e-04 3.365891070005132427e-06
8.799999999999999489e-02 8.488985829504271097e-05 2.682104738513855658e-06
8.933333333333332016e-02 6.722305804620891541e-05 2.037158154475688395e-06
9.066666666666667318e-02 4.901979405596596531e-05 1.463448400295844109e-06
9.199999999999999845e-02 3.340711008125167076e-05 9.848923261699929418e-07
9.333333333333332371e-02 2.098114612862189604e-05 6.162848391097110831e-07
9.466666666666667673e-02 1.240039510890430205e-05 3.633636469272716737e-07
9.600000000000000200e-02 7.371654825392529470e-06 2.234877178786924464e-07
9.733333333333332726e-02 6.140559884840828304e-06 1.868079259283322616e-07
9.866666666666665253e-02 8.130369333425144199e-06 2.377905239719707620e-07
1.000000000000000056e-01 1.182996255883061676e-05 3.569474444613453580e-07
1.013333333333333308e-01 1.675432993250500145e-05 5.226313062615320515e-07
1.026666666666666561e-01 2.295109736382246668e-05 7.127659779979260574e-07
1.040000000000000091e-01 2.938005921282587575e-05 9.064036228776255802e-07
1.053333333333333344e-01 3.670689922491348158e-05 1.085024036035259375e-06
1.066666666666666596e-01 4.129299961414677103e-05 1.233519440994174777e-06
1.079999999999999849e-01 4.562034593524948124e-05 1.340835558594794967e-06
1.093333333333333379e-01 4.607726060783903278e-05 1.400265836765147427e-06
1.106666666666666632e-01 4.720407447129864551e-05 1.409418769648823861e-06
1.119999999999999885e-01 4.652023459077186561e-05 1.369897201817758128e-06
1.133333333333333415e-01 4.249337645689370844e-05 1.286742776469133279e-06
1.146666666666666667e-01 3.945697934704982322e-05 1.167707977743549753e-06
1.159999999999999920e-01 3.340398457858895855e-05 1.022422578174446118e-06
1.173333333333333173e-01 2.840458916012842668e-05 8.615210305247138080e-07
1.186666666666666703e-01 2.292748762504616899e-05 6.957929447530528394e-07
1.199999999999999956e-01 1.720676560194368978e-05 5.354109368057387761e-07
1.213333333333333208e-01 1.316555588048205136e-05 3.892796225096771491e-07
1.226666666666666738e-01 8.693733480536175017e-06 2.645372363504957658e-07
1.239999999999999991e-01 5.543016807589842190e-06 1.662281979824507759e-07
1.253333333333333244e-01 3.285099840968646500e-06 9.715183266031837250e-08
1.266666666666666496e-01 1.955185778289120519e-06 5.788021375121773621e-08
1.280000000000000027e-01 1.596394802918315076e-06 4.695455817334131952e-08
1.293333333333333279e-01 2.029656599321841208e-06 6.107013363064531437e-08
1.306666666666666532e-01 3.147121394412769539e-06 9.562801718007675268e-08
1.320000000000000062e-01 4.824223022243863525e-06 1.450736410006232978e-07
1.333333333333333315e-01 6.436506611609275528e-06 2.033908498851756146e-07
1.346666666666666567e-01 8.435753307531895936e-06 2.645579526131113161e-07
1.360000000000000098e-01 1.033821735151448561e-05 3.229619707509598506e-07
1.373333333333333350e-01 1.208550851253621602e-05 3.737467893770618719e-07
1.386666666666666603e-01 1.393439253998442856e-05 4.130776423481388130e-07
1.400000000000000133e-01 1.421350564839384544e-05 4.383116294576547520e-07
1.413333333333333386e-01 1.476626395892329756e-05 4.480712316077902185e-07
1.426666666666666639e-01 1.531537018309152517e-05 4.422245846616717551e-07
1.439999999999999891e-01 1.390914065522243100e-05 4.217821936334787589e-07
1.453333333333333421e-01 1.324417411875621121e-05 3.887245121754610337e-07
1.466666666666666674e-01 1.120311462801779919e-05 3.457781774349806621e-07
1.479999999999999927e-01 9.811176893421107628e-06 2.961605820037383467e-07
1.493333333333333457e-01 7.879277007894731297e-06 2.433128885477734744e-07
1.506666666666666710e-01 6.290054724570724669e-06 1.906406462781018071e-07
1.519999999999999962e-01 4.828018842308375617e-06 1.412790277686688167e-07
1.533333333333333492e-01 3.094121452750714761e-06 9.789660788748038203e-08
1.546666666666666745e-01 2.112100091210456856e-06 6.254783498520832551e-08
1.559999999999999998e-01 1.228036474086856133e-06 3.658020173382685675e-08
1.573333333333333250e-01 6.743588996379143178e-07 2.059791448856219756e-08
1.586666666666666781e-01 4.617236887443765433e-07 1.447987267050306567e-08
1.600000000000000033e-01 5.828001903164824309e-07 1.744625401808121305e-08
1.613333333333333286e-01 9.239253352866243629e-07 2.816515742376424879e-08
1.626666666666666816e-01 1.506735250009409562e-06 4.488872137164296450e-08
1.640000000000000069e-01 2.188333174891102094e-06 6.560698564480311472e-08
1.653333333333333321e-01 3.081539047557577154e-06 8.820750389297125160e-08
1.666666666666666574e-01 3.661163273165275461e-06 1.106292904922382127e-07
1.680000000000000104e-01 4.232620483364079970e-06 1.310009900462210656e-07
1.693333333333333357e-01 4.951403813595259923e-06 1.477474886625623296e-07
1.706666666666666610e-01 5.358535328271501864e-06 1.597020422565462717e-07
1.720000000000000140e-01 5.763097368670237389e-06 1.661193023089299000e-07
1.733333333333333393e-01 5.696373066655557468e-06 1.667144389158185545e-07
1.746666666666666645e-01 5.445754992892647173e-06 1.616420882892517069e-07
1.759999999999999898e-01 5.269992715381009275e-06 1.514512115875856919e-07
1.773333333333333428e-01 4.404327904642388854e-06 1.370162321789783880e-07
1.786666666666666681e-01 3.905281055242455666e-06 1.194510004765750695e-07
1.799999999999999933e-01 3.241090765491239341e-06 1.000128067826545866e-07
1.813333333333333464e-01 2.635606843178464082e-06 8.000379318150786771e-08
1.826666666666666716e-01 1.939025085671843059e-06 6.067673728096377354e-08
1.839999999999999969e-01 1.465786188839188880e-06 4.315135690925841093e-08
1.853333333333333222e-01 9.385709943918117380e-07 2.834610426400807751e-08
1.866666666666666752e-01 5.394002925749825609e-07 1.692898657779461566e-08
1.880000000000000004e-01 3.002120132500959102e-07 9.289383504435447816e-09
1.893333333333333257e-01 1.861089710946391928e-07 5.531245471371540921e-09
1.906666666666666787e-01 1.874838176711437345e-07 5.486561540334066774e-09
1.920000000000000040e-01 3.090206001193436630e-07 8.746675300421817014e-09
1.933333333333333293e-01 5.331229924230900979e-07 1.470797893923666382e-08
1.946666666666666545e-01 7.636365505684721927e-07 2.262778153340758893e-08
1.960000000000000075e-01 1.024837574750060220e-06 3.168575511907128065e-08
1.973333333333333328e-01 1.280697801903912735e-06 4.104631324165549513e-08
1.986666666666666581e-01 1.677281826504772928e-06 4.991754978763511508e-08
2.000000000000000111e-01 1.873269516152690271e-06 5.760291888369212628e-08
2.013333333333333364e-01 2.091694161306209310e-06 6.354261138831364574e-08
2.026666666666666616e-01 2.203530231180347108e-06 6.734251099808780579e-08
2.039999999999999869e-01 2.283302344461021660e-06 6.878961887636610838e-08
2.053333333333333399e-01 2.334125714454877571e-06 6.785384569096191238e-08
2.066666666666666652e-01 2.166057926540760182e-06 6.467701482049679655e-08
2.079999999999999905e-01 1.975577859553661420e-06 5.955074044679917747e-08
2.093333333333333435e-01 1.708078682226702826e-06 5.288549222147748138e-08
2.106666666666666687e-01 1.430135275616249324e-06 4.517360209801992675e-08
2.119999999999999940e-01 1.213667744507251196e-06 3.694909139659465115e-08
2.133333333333333470e-01 9.568654434433844830e-07 2.875235455239735603e-08
2.146666666666666723e-01 7.408982845384479317e-07 2.110745357871421160e-08
2.159999999999999976e-01 4.869702574935956964e-07 1.455223416454345105e-08
2.173333333333333228e-01 3.285896769109876361e-07 9.575386973950528065e-09
2.186666666666666758e-01 2.068206441979765097e-07 6.298970777474893842e-09
2.200000000000000011e-01 1.401986602342771183e-07 4.360985483968211197e-09
